# IUPred2A: context-dependent prediction of protein disorder as a function of redox state and protein binding
# Balint Meszaros, Gabor Erdos, Zsuzsanna Dosztanyi
# Nucleic Acids Research 2018, Submitted
# IUPred2 type: long
# POS	AMINO ACID	IUPRED SCORE	ANCHOR SCORE
1	M	0.7415	0.6128
2	K	0.7505	0.5913
3	A	0.7547	0.5754
4	K	0.7755	0.5600
5	P	0.6427	0.5527
6	L	0.6183	0.5495
7	S	0.5055	0.5330
8	Q	0.5342	0.5205
9	D	0.4652	0.5186
10	P	0.4940	0.5214
11	G	0.5098	0.5273
12	S	0.5577	0.5321
13	K	0.5707	0.5364
14	R	0.6136	0.5421
15	Y	0.6227	0.5493
16	A	0.5854	0.5464
17	Y	0.6906	0.5358
18	R	0.5901	0.5253
19	I	0.5707	0.5152
20	N	0.5665	0.5023
21	K	0.4766	0.4905
22	E	0.4725	0.4759
23	E	0.3983	0.4696
24	N	0.4119	0.4693
25	R	0.4149	0.4671
26	K	0.4979	0.4652
27	E	0.5211	0.4670
28	L	0.5342	0.4808
29	K	0.4652	0.4924
30	H	0.5577	0.5055
31	V	0.5533	0.5131
32	K	0.5533	0.5126
33	I	0.5577	0.5135
34	N	0.5419	0.5083
35	E	0.4441	0.5028
36	S	0.4476	0.5017
37	S	0.3774	0.5036
38	L	0.3910	0.5047
39	V	0.4619	0.4958
40	Q	0.4619	0.4862
41	E	0.4619	0.4750
42	G	0.4369	0.4706
43	Q	0.3599	0.4710
44	K	0.4409	0.4704
45	I	0.4409	0.4700
46	D	0.4330	0.4660
47	L	0.4051	0.4617
48	P	0.4119	0.4549
49	K	0.4801	0.4506
50	K	0.5620	0.4489
51	R	0.5807	0.4473
52	Y	0.4582	0.4482
53	Y	0.4619	0.4470
54	R	0.4582	0.4454
55	Q	0.4685	0.4437
56	R	0.5707	0.4419
57	A	0.4725	0.4391
58	H	0.5665	0.4356
59	S	0.4441	0.4324
60	N	0.4766	0.4300
61	P	0.4119	0.4264
62	F	0.4087	0.4229
63	S	0.5176	0.4222
64	D	0.6375	0.4204
65	H	0.6427	0.4192
66	Q	0.5707	0.4195
67	L	0.5807	0.4194
68	E	0.4831	0.4214
69	Y	0.4766	0.4220
70	P	0.4766	0.4227
71	V	0.3840	0.4222
72	S	0.2715	0.4228
73	P	0.3948	0.4239
74	Q	0.3053	0.4229
75	D	0.2129	0.4211
76	M	0.2034	0.4205
77	D	0.2034	0.4208
78	W	0.2470	0.4236
79	S	0.2470	0.4261
80	K	0.3426	0.4312
81	L	0.3182	0.4332
82	Y	0.3910	0.4241
83	P	0.3566	0.4123
84	Y	0.3321	0.3984
85	Y	0.3215	0.3814
86	K	0.3149	0.3608
87	N	0.2884	0.3419
88	A	0.2817	0.3261
89	E	0.3117	0.3107
90	N	0.2849	0.2979
91	G	0.2918	0.2882
92	Q	0.2884	0.2795
93	M	0.3740	0.2733
94	T	0.2715	0.2718
95	K	0.3566	0.2688
96	K	0.3392	0.2726
97	V	0.3392	0.2819
98	T	0.3215	0.2885
99	I	0.2752	0.2980
100	A	0.2258	0.3066
101	D	0.1424	0.3180
102	I	0.1476	0.3257
103	G	0.0870	0.3379
104	C	0.1070	0.3532
105	G	0.1206	0.3607
106	F	0.1007	0.3694
107	G	0.0506	0.3709
108	G	0.0888	0.3739
109	L	0.0929	0.3819
110	M	0.1501	0.3838
111	I	0.1137	0.3867
112	D	0.0676	0.3879
113	L	0.0676	0.3914
114	S	0.0662	0.3864
115	P	0.0817	0.3797
116	A	0.0870	0.3760
117	F	0.0967	0.3729
118	P	0.1007	0.3676
119	E	0.0676	0.3566
120	D	0.1162	0.3442
121	L	0.0985	0.3325
122	I	0.1554	0.3181
123	L	0.1611	0.3026
124	G	0.1528	0.2818
125	M	0.1092	0.2661
126	E	0.1007	0.2492
127	I	0.1251	0.2333
128	R	0.2164	0.2196
129	V	0.1251	0.2040
130	Q	0.0719	0.1911
131	V	0.0581	0.1769
132	T	0.0568	0.1658
133	N	0.0948	0.1577
134	Y	0.1583	0.1518
135	V	0.1702	0.1481
136	E	0.2129	0.1466
137	D	0.1759	0.1441
138	R	0.2541	0.1423
139	I	0.2470	0.1378
140	I	0.3087	0.1373
141	A	0.2988	0.1367
142	L	0.2503	0.1404
143	R	0.2609	0.1472
144	N	0.2609	0.1533
145	N	0.2645	0.1619
146	T	0.3426	0.1721
147	A	0.2645	0.1786
148	S	0.1791	0.1884
149	K	0.1759	0.2011
150	H	0.2575	0.2161
151	G	0.3494	0.2271
152	F	0.3494	0.2367
153	Q	0.3910	0.2445
154	N	0.3840	0.2488
155	I	0.2609	0.2582
156	N	0.1731	0.2663
157	V	0.1914	0.2727
158	L	0.2292	0.2835
159	R	0.1399	0.2935
160	G	0.0765	0.3022
161	N	0.0835	0.3118
162	A	0.0817	0.3247
163	M	0.1554	0.3378
164	K	0.1528	0.3435
165	F	0.0909	0.3469
166	L	0.1424	0.3404
167	P	0.1298	0.3319
168	N	0.1476	0.3264
169	F	0.1298	0.3216
170	F	0.0676	0.3148
171	E	0.0405	0.3056
172	K	0.0198	0.3006
173	G	0.0263	0.2936
174	Q	0.0349	0.2853
175	L	0.0424	0.2811
176	S	0.0851	0.2810
177	K	0.0719	0.2867
178	M	0.0605	0.2939
179	F	0.0592	0.2961
180	F	0.1137	0.2934
181	C	0.1914	0.2878
182	F	0.1823	0.2839
183	P	0.1791	0.2735
184	D	0.1554	0.2631
185	P	0.1476	0.2594
186	H	0.1449	0.2554
187	F	0.0909	0.2453
188	K	0.0967	0.2333
189	Q	0.1298	0.2211
190	R	0.2224	0.2131
191	K	0.2470	0.2063
192	H	0.2470	0.2028
193	K	0.3494	0.1982
194	A	0.3356	0.1949
195	R	0.2399	0.1901
196	I	0.1881	0.1841
197	I	0.1162	0.1799
198	T	0.1449	0.1804
199	N	0.0929	0.1857
200	T	0.0851	0.1893
201	L	0.0929	0.1927
202	L	0.0948	0.1965
203	S	0.0948	0.1976
204	E	0.0662	0.2018
205	Y	0.0531	0.2094
206	A	0.0294	0.2215
207	Y	0.0518	0.2292
208	V	0.0531	0.2398
209	L	0.0531	0.2454
210	K	0.0494	0.2435
211	E	0.0313	0.2478
212	G	0.0531	0.2500
213	G	0.0909	0.2530
214	V	0.0555	0.2629
215	V	0.0531	0.2724
216	Y	0.1007	0.2745
217	T	0.0631	0.2800
218	I	0.0929	0.2997
219	T	0.0948	0.3208
220	D	0.1476	0.3420
221	V	0.1501	0.3735
222	K	0.0909	0.4038
223	D	0.0948	0.4322
224	L	0.0985	0.4013
225	H	0.1424	0.3833
226	E	0.2193	0.3722
227	W	0.2328	0.3498
228	M	0.1349	0.3334
229	V	0.2129	0.3372
230	K	0.2094	0.3519
231	H	0.1424	0.3560
232	L	0.1942	0.3683
233	E	0.1942	0.3918
234	E	0.2002	0.4131
235	H	0.1852	0.4238
236	P	0.1881	0.4331
237	L	0.1881	0.4275
238	F	0.2988	0.4089
239	E	0.3286	0.3832
240	R	0.4017	0.3664
241	L	0.3215	0.3607
242	S	0.2575	0.3481
243	K	0.3321	0.3364
244	E	0.2470	0.3372
245	W	0.2064	0.3436
246	E	0.2002	0.3356
247	E	0.1914	0.3295
248	N	0.2399	0.3292
249	D	0.3494	0.3338
250	E	0.3460	0.3431
251	C	0.3529	0.3517
252	V	0.4330	0.3557
253	K	0.4292	0.3565
254	I	0.4256	0.3599
255	M	0.3529	0.3569
256	R	0.4619	0.3392
257	N	0.4507	0.3293
258	A	0.4369	0.3198
259	T	0.4149	0.3026
260	E	0.4186	0.2853
261	E	0.4119	0.2702
262	G	0.4901	0.2581
263	K	0.4476	0.2529
264	K	0.3948	0.2572
265	V	0.4507	0.2660
266	E	0.4051	0.2732
267	R	0.2988	0.2945
268	K	0.2918	0.3185
269	K	0.3117	0.3418
270	G	0.2328	0.3783
271	D	0.2470	0.4150
272	K	0.2436	0.4145
273	F	0.2645	0.3769
274	V	0.2503	0.3520
275	A	0.1881	0.3318
276	C	0.1823	0.3155
277	F	0.1671	0.2981
278	T	0.1476	0.2945
279	R	0.1298	0.2897
280	L	0.1092	0.2769
281	P	0.0870	0.2754
282	T	0.0646	0.2685
283	P	0.0483	0.2634
284	A	0.0929	0.2588
285	I	0.1162	0.2487
286	L	0.1070	0.2435
287	*	0.1731	0.2391