# IUPred2A: context-dependent prediction of protein disorder as a function of redox state and protein binding
# Balint Meszaros, Gabor Erdos, Zsuzsanna Dosztanyi
# Nucleic Acids Research 2018, Submitted
# IUPred2 type: long
# POS	AMINO ACID	IUPRED SCORE	ANCHOR SCORE
1	M	0.6375	0.4281
2	G	0.5992	0.4267
3	S	0.6531	0.4263
4	N	0.6482	0.4260
5	T	0.6712	0.4252
6	S	0.6948	0.4249
7	K	0.6089	0.4236
8	V	0.5296	0.4248
9	G	0.5419	0.4243
10	A	0.6136	0.4243
11	G	0.5382	0.4250
12	A	0.5493	0.4257
13	E	0.5533	0.4265
14	K	0.4725	0.4279
15	Q	0.4685	0.4301
16	Q	0.3740	0.4345
17	V	0.3740	0.4389
18	Y	0.3872	0.4415
19	T	0.4409	0.4416
20	P	0.3774	0.4432
21	L	0.3460	0.4443
22	T	0.3426	0.4439
23	Q	0.3704	0.4435
24	I	0.2951	0.4452
25	D	0.3117	0.4455
26	F	0.3053	0.4454
27	S	0.2988	0.4433
28	Q	0.3426	0.4404
29	S	0.4186	0.4388
30	L	0.4186	0.4376
31	V	0.3840	0.4355
32	S	0.3910	0.4339
33	Q	0.3392	0.4332
34	L	0.3286	0.4323
35	D	0.3983	0.4327
36	S	0.3910	0.4333
37	S	0.5017	0.4308
38	K	0.4801	0.4294
39	E	0.4864	0.4284
40	S	0.4801	0.4261
41	D	0.4507	0.4250
42	Y	0.4292	0.4264
43	V	0.4441	0.4250
44	T	0.4292	0.4210
45	K	0.4831	0.4166
46	Q	0.4186	0.4164
47	N	0.4186	0.4177
48	A	0.4256	0.4185
49	E	0.4409	0.4183
50	K	0.3631	0.4187
51	F	0.3631	0.4205
52	I	0.3667	0.4193
53	E	0.3667	0.4177
54	K	0.4330	0.4176
55	K	0.3840	0.4207
56	V	0.4017	0.4240
57	S	0.3948	0.4253
58	Q	0.3182	0.4273
59	R	0.3321	0.4289
60	L	0.3117	0.4303
61	S	0.2258	0.4310
62	N	0.3286	0.4313
63	L	0.4087	0.4322
64	E	0.3948	0.4324
65	V	0.3392	0.4330
66	E	0.3599	0.4328
67	T	0.4256	0.4324
68	L	0.4256	0.4323
69	K	0.3566	0.4316
70	K	0.2918	0.4316
71	F	0.3494	0.4324
72	E	0.3631	0.4328
73	D	0.3566	0.4334
74	T	0.4256	0.4336
75	L	0.4087	0.4317
76	N	0.4685	0.4318
77	N	0.4330	0.4306
78	S	0.3840	0.4285
79	L	0.4541	0.4267
80	L	0.4619	0.4266
81	S	0.3983	0.4300
82	D	0.4901	0.4332
83	D	0.4766	0.4304
84	D	0.4652	0.4273
85	K	0.4619	0.4240
86	D	0.4619	0.4236
87	A	0.4619	0.4251
88	V	0.4619	0.4245
89	D	0.4725	0.4215
90	G	0.4582	0.4202
91	I	0.5419	0.4217
92	S	0.5382	0.4233
93	S	0.4619	0.4265
94	S	0.4652	0.4290
95	S	0.4476	0.4301
96	L	0.4476	0.4304
97	N	0.3740	0.4281
98	N	0.3948	0.4256
99	Q	0.3840	0.4258
100	I	0.2849	0.4290
101	E	0.2951	0.4303
102	S	0.3740	0.4316
103	L	0.3117	0.4329
104	N	0.3215	0.4326
105	K	0.2609	0.4308
106	K	0.2715	0.4279
107	L	0.3215	0.4237
108	T	0.2470	0.4187
109	L	0.2470	0.4126
110	F	0.2328	0.4085
111	D	0.2364	0.4063
112	Q	0.2258	0.4039
113	L	0.2258	0.4005
114	E	0.2645	0.4011
115	L	0.2436	0.3996
116	Q	0.2503	0.4035
117	K	0.2541	0.4091
118	L	0.3117	0.4159
119	E	0.3182	0.4269
120	K	0.3740	0.4265
121	Y	0.4582	0.4150
122	G	0.4476	0.3990
123	G	0.4507	0.3823
124	A	0.5342	0.3656
125	K	0.5176	0.3489
126	G	0.5951	0.3334
127	K	0.4979	0.3237
128	S	0.5055	0.3172
129	D	0.4979	0.3121
130	K	0.4766	0.3102
131	K	0.4582	0.3116
132	T	0.5211	0.3124
133	D	0.4541	0.3190
134	N	0.4541	0.3259
135	G	0.4864	0.3313
136	S	0.4186	0.3404
137	I	0.3566	0.3515
138	S	0.3053	0.3635
139	I	0.2849	0.3767
140	K	0.2884	0.3847
141	A	0.2884	0.3927
142	K	0.2951	0.3985
143	L	0.2884	0.4044
144	T	0.3182	0.4037
145	E	0.2436	0.4084
146	C	0.2575	0.4133
147	L	0.1881	0.4183
148	L	0.1914	0.4183
149	A	0.2034	0.4122
150	N	0.2884	0.4042
151	K	0.2783	0.4015
152	G	0.3117	0.3985
153	K	0.3321	0.3967
154	P	0.3053	0.4002
155	L	0.2988	0.4045
156	N	0.2783	0.3994
157	C	0.2951	0.3988
158	Y	0.3053	0.4042
159	E	0.3494	0.4144
160	E	0.3704	0.4310
161	M	0.3529	0.4154
162	E	0.3426	0.4012
163	E	0.3249	0.3825
164	F	0.3117	0.3593
165	K	0.2399	0.3500
166	K	0.2918	0.3324
167	L	0.2436	0.3133
168	V	0.3215	0.3008
169	M	0.3983	0.2956
170	G	0.3460	0.2942
171	*	0.2884	0.2915