# IUPred2A: context-dependent prediction of protein disorder as a function of redox state and protein binding
# Balint Meszaros, Gabor Erdos, Zsuzsanna Dosztanyi
# Nucleic Acids Research 2018, Submitted
# IUPred2 type: long
# POS	AMINO ACID	IUPRED SCORE	ANCHOR SCORE
1	M	0.4220	0.4501
2	E	0.4292	0.4501
3	E	0.4369	0.4484
4	Q	0.4652	0.4473
5	R	0.3774	0.4495
6	E	0.4119	0.4513
7	I	0.3910	0.4607
8	L	0.3215	0.4649
9	E	0.3494	0.4624
10	Q	0.3053	0.4627
11	L	0.3392	0.4646
12	K	0.3910	0.4610
13	K	0.3740	0.4619
14	T	0.3494	0.4626
15	L	0.3566	0.4621
16	Q	0.3740	0.4559
17	M	0.3667	0.4498
18	L	0.3631	0.4429
19	T	0.4087	0.4375
20	V	0.4087	0.4346
21	E	0.4119	0.4336
22	P	0.4979	0.4326
23	S	0.5055	0.4299
24	K	0.5342	0.4254
25	N	0.5211	0.4202
26	N	0.6043	0.4149
27	Q	0.6136	0.4102
28	I	0.6755	0.4050
29	A	0.7881	0.3983
30	N	0.7982	0.3910
31	E	0.8565	0.3838
32	E	0.7369	0.3763
33	K	0.6136	0.3681
34	E	0.5211	0.3630
35	K	0.4507	0.3589
36	K	0.4507	0.3573
37	E	0.4409	0.3589
38	N	0.4441	0.3601
39	E	0.4369	0.3649
40	N	0.4725	0.3733
41	S	0.4685	0.3866
42	W	0.3774	0.4018
43	C	0.3392	0.4151
44	I	0.3529	0.4279
45	L	0.3529	0.4319
46	E	0.2609	0.4247
47	H	0.1942	0.4149
48	N	0.1914	0.4088
49	Y	0.1048	0.3948
50	E	0.0605	0.3818
51	D	0.0334	0.3624
52	I	0.0327	0.3458
53	A	0.0646	0.3359
54	Q	0.1162	0.3285
55	E	0.1759	0.3186
56	F	0.2503	0.3067
57	I	0.1643	0.2970
58	D	0.1643	0.2972
59	F	0.1115	0.2943
60	I	0.1251	0.3018
61	Y	0.1137	0.3214
62	K	0.0605	0.3479
63	N	0.0518	0.3643
64	P	0.0518	0.3738
65	T	0.0531	0.3790
66	T	0.0300	0.3818
67	Y	0.0341	0.3807
68	H	0.0592	0.3841
69	V	0.0531	0.3859
70	V	0.0985	0.3973
71	S	0.1611	0.4097
72	F	0.1424	0.4091
73	F	0.1424	0.4218
74	A	0.0835	0.4155
75	E	0.0424	0.3815
76	L	0.0405	0.3447
77	L	0.0433	0.3061
78	D	0.0690	0.2645
79	K	0.0662	0.2300
80	H	0.1048	0.2038
81	N	0.0851	0.1909
82	F	0.0909	0.1845
83	K	0.1643	0.1762
84	Y	0.2541	0.1765
85	L	0.2002	0.1783
86	S	0.1852	0.1793
87	E	0.2752	0.1818
88	K	0.3566	0.1832
89	S	0.3494	0.1871
90	N	0.3566	0.1929
91	W	0.3460	0.1974
92	Q	0.2364	0.1953
93	D	0.2609	0.1939
94	S	0.2715	0.1948
95	I	0.2715	0.1967
96	G	0.3460	0.2000
97	E	0.3599	0.2056
98	D	0.3460	0.2087
99	G	0.3566	0.2137
100	G	0.3740	0.2173
101	K	0.2817	0.2231
102	F	0.3704	0.2281
103	Y	0.3356	0.2322
104	T	0.2258	0.2363
105	I	0.1583	0.2438
106	R	0.1611	0.2532
107	N	0.1611	0.2619
108	G	0.1476	0.2702
109	T	0.1501	0.2792
110	N	0.0909	0.2987
111	L	0.0909	0.3205
112	S	0.0799	0.3382
113	A	0.1528	0.3574
114	F	0.2164	0.3772
115	I	0.2164	0.3873
116	L	0.2364	0.3923
117	G	0.2399	0.3902
118	K	0.1731	0.3931
119	N	0.1137	0.3995
120	W	0.1115	0.4061
121	R	0.1007	0.3911
122	A	0.1554	0.3728
123	E	0.1137	0.3584
124	K	0.1399	0.3425
125	G	0.2002	0.3296
126	V	0.2034	0.3261
127	G	0.2817	0.3203
128	V	0.2193	0.3187
129	I	0.2164	0.3093
130	G	0.1399	0.2951
131	S	0.2094	0.2804
132	H	0.2364	0.2777
133	V	0.2034	0.2737
134	D	0.1881	0.2673
135	A	0.1137	0.2673
136	L	0.1092	0.2682
137	T	0.1583	0.2654
138	V	0.1643	0.2655
139	K	0.1914	0.2625
140	L	0.2849	0.2623
141	K	0.2884	0.2636
142	P	0.2094	0.2667
143	V	0.2129	0.2652
144	S	0.2752	0.2640
145	F	0.1914	0.2620
146	K	0.1942	0.2507
147	D	0.2129	0.2414
148	T	0.1852	0.2361
149	A	0.2715	0.2335
150	E	0.1969	0.2365
151	G	0.2783	0.2394
152	Y	0.2884	0.2434
153	G	0.2645	0.2434
154	R	0.2503	0.2503
155	I	0.2680	0.2560
156	A	0.3840	0.2647
157	V	0.3149	0.2794
158	A	0.2164	0.2971
159	P	0.1476	0.3166
160	Y	0.1759	0.3339
161	G	0.1643	0.3473
162	G	0.1702	0.3615
163	T	0.1791	0.3801
164	L	0.1759	0.3992
165	N	0.1162	0.4113
166	E	0.1759	0.4253
167	L	0.2002	0.4305
168	W	0.2541	0.4223
169	L	0.2094	0.4244
170	D	0.1251	0.4267
171	R	0.1251	0.4253
172	D	0.1206	0.4257
173	L	0.1137	0.4299
174	G	0.1070	0.4231
175	I	0.1611	0.4099
176	G	0.1554	0.3999
177	G	0.1528	0.3890
178	R	0.2364	0.3804
179	L	0.2436	0.3734
180	L	0.3117	0.3642
181	Y	0.3019	0.3490
182	K	0.2752	0.3312
183	K	0.1914	0.3229
184	K	0.2034	0.3211
185	G	0.2094	0.3283
186	T	0.2918	0.3340
187	N	0.2951	0.3393
188	E	0.3215	0.3476
189	I	0.2436	0.3588
190	K	0.3460	0.3695
191	S	0.3566	0.3882
192	A	0.3667	0.4120
193	L	0.3740	0.4333
194	V	0.2988	0.4167
195	D	0.3356	0.4052
196	S	0.3321	0.3982
197	T	0.2503	0.3875
198	P	0.2129	0.3760
199	L	0.2258	0.3663
200	P	0.3087	0.3643
201	V	0.2094	0.3600
202	C	0.2129	0.3619
203	R	0.2328	0.3677
204	I	0.3392	0.3734
205	P	0.3704	0.3812
206	S	0.3740	0.3896
207	L	0.3774	0.4011
208	A	0.4017	0.4147
209	P	0.2609	0.4275
210	H	0.3529	0.4414
211	F	0.3182	0.4525
212	G	0.3983	0.4604
213	K	0.4831	0.4660
214	P	0.4979	0.4725
215	A	0.6089	0.4758
216	E	0.4685	0.4770
217	G	0.5017	0.4751
218	P	0.5176	0.4734
219	F	0.4541	0.4763
220	D	0.4256	0.4737
221	K	0.3149	0.4717
222	E	0.4541	0.4716
223	D	0.4582	0.4750
224	Q	0.4940	0.4770
225	T	0.4725	0.4776
226	I	0.5254	0.4776
227	P	0.5296	0.4755
228	V	0.5296	0.4746
229	I	0.5055	0.4716
230	G	0.6755	0.4663
231	F	0.6991	0.4620
232	P	0.7459	0.4566
233	T	0.7289	0.4517
234	P	0.7289	0.4474
235	D	0.7289	0.4437
236	E	0.7459	0.4402
237	E	0.8343	0.4370
238	G	0.7916	0.4347
239	N	0.8565	0.4334
240	E	0.9362	0.4332
241	P	0.8872	0.4336
242	P	0.8920	0.4334
243	T	0.8681	0.4333
244	D	0.8565	0.4334
245	D	0.8235	0.4334
246	E	0.7163	0.4332
247	K	0.5707	0.4330
248	K	0.5493	0.4328
249	S	0.4619	0.4277
250	P	0.3740	0.4210
251	L	0.3494	0.4150
252	F	0.2364	0.4110
253	G	0.1528	0.4104
254	K	0.1275	0.4095
255	H	0.1137	0.4072
256	C	0.0676	0.4042
257	I	0.0494	0.4009
258	H	0.0531	0.3982
259	L	0.0380	0.3985
260	L	0.0424	0.4051
261	R	0.0240	0.4159
262	Y	0.0380	0.4264
263	V	0.0817	0.4304
264	A	0.0518	0.4244
265	K	0.0327	0.4150
266	L	0.0356	0.4058
267	A	0.0494	0.3953
268	G	0.0909	0.3842
269	V	0.0568	0.3723
270	E	0.0985	0.3612
271	V	0.0985	0.3490
272	S	0.0531	0.3394
273	E	0.0967	0.3270
274	L	0.0948	0.3103
275	I	0.1229	0.2889
276	Q	0.1229	0.2689
277	M	0.1852	0.2436
278	D	0.2164	0.2153
279	L	0.1399	0.1838
280	D	0.1942	0.1567
281	L	0.1791	0.1311
282	F	0.1583	0.1072
283	D	0.1611	0.0871
284	V	0.1424	0.0704
285	Q	0.2034	0.0590
286	K	0.1823	0.0493
287	G	0.1137	0.0417
288	T	0.0719	0.0362
289	I	0.0555	0.0317
290	G	0.1070	0.0306
291	G	0.0985	0.0297
292	I	0.0967	0.0293
293	G	0.1823	0.0312
294	K	0.1823	0.0344
295	H	0.2399	0.0385
296	F	0.1554	0.0426
297	L	0.1048	0.0489
298	F	0.1028	0.0574
299	A	0.0506	0.0693
300	P	0.0734	0.0853
301	R	0.0605	0.0962
302	L	0.0483	0.1116
303	D	0.0483	0.1303
304	D	0.0398	0.1426
305	R	0.0258	0.1525
306	L	0.0163	0.1618
307	C	0.0188	0.1713
308	S	0.0178	0.1809
309	F	0.0275	0.1868
310	A	0.0320	0.1859
311	A	0.0287	0.1856
312	M	0.0202	0.1887
313	I	0.0341	0.1806
314	A	0.0327	0.1727
315	L	0.0349	0.1692
316	I	0.0398	0.1671
317	C	0.0646	0.1654
318	Y	0.1137	0.1652
319	A	0.0704	0.1643
320	K	0.0690	0.1679
321	D	0.0799	0.1766
322	V	0.0985	0.1847
323	N	0.0817	0.1934
324	T	0.1373	0.2074
325	E	0.1028	0.2231
326	E	0.0985	0.2359
327	S	0.1671	0.2481
328	D	0.2503	0.2599
329	L	0.3566	0.2722
330	F	0.4017	0.2827
331	S	0.3149	0.2844
332	T	0.3019	0.2823
333	V	0.3631	0.2811
334	T	0.2680	0.2809
335	L	0.2680	0.2797
336	Y	0.2470	0.2730
337	D	0.2328	0.2651
338	N	0.2364	0.2583
339	E	0.1914	0.2540
340	E	0.2680	0.2449
341	I	0.3740	0.2345
342	G	0.3740	0.2266
343	S	0.2849	0.2221
344	L	0.2645	0.2204
345	T	0.2783	0.2184
346	R	0.3529	0.2171
347	Q	0.3740	0.2202
348	G	0.2951	0.2276
349	A	0.3019	0.2368
350	K	0.2849	0.2461
351	G	0.2645	0.2605
352	G	0.3529	0.2776
353	L	0.3494	0.2969
354	L	0.3215	0.3127
355	E	0.2988	0.3258
356	S	0.3019	0.3392
357	V	0.2951	0.3521
358	V	0.2817	0.3576
359	E	0.3149	0.3567
360	R	0.2849	0.3510
361	S	0.2988	0.3465
362	S	0.2193	0.3442
363	S	0.2224	0.3437
364	A	0.3117	0.3432
365	F	0.3321	0.3433
366	T	0.2193	0.3422
367	K	0.1914	0.3430
368	K	0.2715	0.3452
369	P	0.3356	0.3529
370	V	0.2292	0.3626
371	D	0.1501	0.3748
372	L	0.0967	0.3879
373	H	0.0967	0.3949
374	T	0.0817	0.3975
375	V	0.1048	0.4004
376	W	0.1349	0.4043
377	A	0.1399	0.4049
378	N	0.1476	0.4074
379	S	0.0967	0.4126
380	I	0.0454	0.4169
381	I	0.0749	0.4207
382	L	0.0851	0.4225
383	S	0.1476	0.4153
384	A	0.0765	0.4115
385	D	0.0909	0.4086
386	V	0.1476	0.4048
387	N	0.1731	0.4004
388	H	0.1323	0.4035
389	L	0.0765	0.4062
390	Y	0.0765	0.4016
391	N	0.1373	0.3947
392	P	0.2129	0.3923
393	N	0.1881	0.3921
394	F	0.2193	0.3978
395	P	0.1881	0.4026
396	E	0.2094	0.4079
397	V	0.2849	0.4127
398	Y	0.2064	0.4162
399	L	0.2034	0.4123
400	K	0.1969	0.4006
401	N	0.2849	0.3933
402	H	0.1942	0.3910
403	F	0.1611	0.3831
404	P	0.0967	0.3760
405	V	0.1823	0.3692
406	P	0.1823	0.3637
407	N	0.1759	0.3574
408	V	0.2364	0.3514
409	G	0.3249	0.3494
410	I	0.3704	0.3548
411	T	0.3460	0.3677
412	L	0.3392	0.3795
413	S	0.3460	0.3877
414	L	0.3948	0.4000
415	D	0.3019	0.4102
416	P	0.3667	0.4181
417	N	0.3392	0.4250
418	G	0.2988	0.4335
419	H	0.2849	0.4193
420	M	0.2224	0.4086
421	A	0.3249	0.4028
422	T	0.3392	0.3985
423	D	0.3392	0.3918
424	V	0.3149	0.3860
425	V	0.3983	0.3842
426	G	0.3948	0.3833
427	T	0.3774	0.3831
428	A	0.3631	0.3835
429	L	0.3740	0.3849
430	V	0.3667	0.3922
431	E	0.3392	0.3982
432	E	0.3807	0.4023
433	L	0.2884	0.4054
434	A	0.1759	0.4086
435	R	0.2470	0.4121
436	R	0.2193	0.4138
437	N	0.2193	0.4160
438	G	0.2292	0.4179
439	D	0.2715	0.4192
440	K	0.3460	0.4203
441	V	0.4149	0.4185
442	Q	0.3948	0.4173
443	Y	0.3774	0.4167
444	F	0.4582	0.4187
445	Q	0.4940	0.4260
446	I	0.4017	0.4328
447	K	0.3983	0.4262
448	N	0.4149	0.4198
449	N	0.4119	0.4144
450	S	0.3215	0.4109
451	R	0.2918	0.4072
452	S	0.3529	0.4014
453	G	0.3529	0.3953
454	G	0.4441	0.3902
455	T	0.5665	0.3875
456	I	0.5176	0.3877
457	G	0.6322	0.3868
458	P	0.6427	0.3877
459	S	0.5098	0.3860
460	L	0.5017	0.3818
461	A	0.4186	0.3747
462	S	0.4149	0.3686
463	Q	0.3321	0.3644
464	T	0.3019	0.3621
465	G	0.3117	0.3615
466	A	0.2224	0.3618
467	R	0.3087	0.3613
468	T	0.2680	0.3620
469	I	0.2399	0.3652
470	D	0.2436	0.3685
471	L	0.2364	0.3739
472	G	0.2680	0.3797
473	I	0.2436	0.3865
474	A	0.2034	0.3897
475	Q	0.2034	0.3912
476	L	0.2034	0.3911
477	S	0.2292	0.3866
478	M	0.2224	0.3831
479	H	0.2258	0.3737
480	S	0.2541	0.3583
481	I	0.2470	0.3460
482	R	0.2503	0.3318
483	A	0.2503	0.3155
484	A	0.2715	0.2989
485	T	0.3019	0.2843
486	G	0.1881	0.2743
487	S	0.1702	0.2691
488	K	0.1852	0.2645
489	D	0.2224	0.2593
490	V	0.1323	0.2625
491	G	0.0749	0.2698
492	L	0.1251	0.2764
493	G	0.1251	0.2858
494	V	0.0888	0.3072
495	K	0.1115	0.3320
496	F	0.1048	0.3585
497	F	0.0719	0.3728
498	N	0.0414	0.3730
499	G	0.0433	0.3731
500	F	0.0454	0.3736
501	F	0.0349	0.3634
502	K	0.0349	0.3458
503	H	0.0646	0.3309
504	W	0.0380	0.3069
505	R	0.0555	0.2648
506	S	0.0433	0.2217
507	V	0.0690	0.1834
508	Y	0.1137	0.1538
509	D	0.0799	0.1344
510	E	0.0605	0.1180
511	F	0.1048	0.1049
512	G	0.1823	0.0940
513	E	0.1476	0.0844
514	L	0.1048	0.0729
515	*	0.1823	0.0639