# IUPred2A: context-dependent prediction of protein disorder as a function of redox state and protein binding
# Balint Meszaros, Gabor Erdos, Zsuzsanna Dosztanyi
# Nucleic Acids Research 2018, Submitted
# IUPred2 type: long
# POS	AMINO ACID	IUPRED SCORE	ANCHOR SCORE
1	M	0.3599	0.7129
2	A	0.4017	0.7075
3	K	0.4766	0.7055
4	G	0.5139	0.7066
5	F	0.5211	0.7072
6	K	0.5419	0.6968
7	L	0.4864	0.6878
8	K	0.5055	0.6632
9	E	0.5098	0.6427
10	L	0.5211	0.6359
11	L	0.5382	0.6099
12	S	0.5176	0.5686
13	H	0.4864	0.5450
14	Q	0.4979	0.5054
15	K	0.5139	0.4681
16	E	0.6136	0.4304
17	I	0.5758	0.4197
18	E	0.6136	0.3964
19	K	0.5992	0.3863
20	A	0.5807	0.3753
21	E	0.6136	0.3523
22	K	0.6755	0.3474
23	L	0.6806	0.3501
24	E	0.6482	0.3343
25	N	0.5854	0.3411
26	D	0.5758	0.3438
27	L	0.5577	0.3484
28	K	0.6322	0.3301
29	K	0.6322	0.3158
30	K	0.6991	0.3029
31	K	0.7080	0.2921
32	S	0.6427	0.2900
33	Q	0.6136	0.2880
34	E	0.6620	0.2869
35	L	0.6576	0.3045
36	K	0.6427	0.3039
37	K	0.6531	0.3076
38	E	0.6531	0.3219
39	E	0.6482	0.3529
40	P	0.6482	0.3908
41	T	0.6183	0.4371
42	I	0.6531	0.4825
43	V	0.6183	0.5083
44	T	0.5854	0.5204
45	A	0.5901	0.5310
46	S	0.6183	0.5230
47	N	0.6136	0.5204
48	L	0.6269	0.5209
49	K	0.6375	0.4913
50	K	0.5807	0.4697
51	L	0.5139	0.4457
52	E	0.4901	0.3977
53	K	0.5533	0.3558
54	K	0.5533	0.3340
55	E	0.5533	0.3282
56	K	0.5577	0.3350
57	K	0.5665	0.3492
58	A	0.5493	0.3673
59	D	0.6089	0.3700
60	V	0.6427	0.3833
61	K	0.6089	0.3913
62	K	0.6661	0.4002
63	E	0.6620	0.4266
64	V	0.6991	0.4571
65	A	0.7250	0.4790
66	A	0.6712	0.5008
67	D	0.7036	0.5049
68	T	0.6991	0.5049
69	E	0.6755	0.5028
70	E	0.6755	0.5176
71	Y	0.6948	0.5360
72	Q	0.6948	0.5330
73	S	0.6906	0.5226
74	Q	0.6322	0.5273
75	A	0.6482	0.5215
76	L	0.6183	0.4972
77	S	0.6322	0.4353
78	K	0.5707	0.3993
79	K	0.5419	0.3653
80	E	0.5055	0.3319
81	K	0.5098	0.3192
82	R	0.5707	0.3112
83	K	0.5707	0.3255
84	L	0.5807	0.3548
85	K	0.5854	0.3375
86	K	0.5807	0.3495
87	E	0.6269	0.3901
88	L	0.6322	0.4674
89	K	0.6620	0.5073
90	K	0.7036	0.5596
91	M	0.6620	0.6130
92	Q	0.7209	0.6133
93	E	0.7547	0.6407
94	Q	0.7881	0.6719
95	D	0.8313	0.6995
96	A	0.8623	0.7530
97	T	0.8872	0.7690
98	E	0.8894	0.7831
99	A	0.9190	0.7970
100	Q	0.9329	0.8133
101	K	0.9488	0.8266
102	H	0.9503	0.8500
103	M	0.9519	0.8767
104	S	0.9381	0.8613
105	G	0.9381	0.8376
106	D	0.9381	0.8028
107	E	0.9415	0.7557
108	D	0.9457	0.7164
109	E	0.9457	0.6624
110	S	0.9503	0.6004
111	G	0.9488	0.5417
112	D	0.9621	0.4674
113	D	0.9562	0.3680
114	R	0.9562	0.2799
115	E	0.9577	0.2608
116	E	0.9593	0.2511
117	E	0.9473	0.2279
118	E	0.9249	0.2451
119	E	0.9249	0.2748
120	E	0.8991	0.3606
121	E	0.9039	0.4644
122	E	0.8853	0.5510
123	E	0.8421	0.6877
124	E	0.8313	0.8216
125	E	0.8279	0.8975
126	G	0.8235	0.9396
127	R	0.8279	0.9649
128	L	0.8235	0.9841
129	D	0.8279	0.9895
130	L	0.8235	0.9925
131	E	0.8279	0.9918
132	K	0.8313	0.9911
133	L	0.8343	0.9927
134	A	0.8279	0.9910
135	K	0.8313	0.9863
136	S	0.8279	0.9837
137	D	0.8313	0.9803
138	S	0.8596	0.9739
139	E	0.8942	0.9614
140	S	0.8894	0.9524
141	E	0.9211	0.9417
142	D	0.9211	0.9401
143	D	0.9381	0.9367
144	S	0.9606	0.9195
145	E	0.9649	0.9150
146	S	0.9577	0.9236
147	E	0.9381	0.9272
148	N	0.9308	0.9351
149	D	0.9168	0.9432
150	S	0.9168	0.9474
151	E	0.9230	0.9508
152	E	0.9190	0.9539
153	D	0.9190	0.9563
154	E	0.9211	0.9578
155	D	0.9057	0.9575
156	V	0.9081	0.9550
157	V	0.9151	0.9453
158	A	0.9126	0.9221
159	K	0.9126	0.8740
160	E	0.9126	0.8268
161	E	0.9168	0.7705
162	S	0.9168	0.7031
163	E	0.9168	0.6265
164	E	0.8792	0.5599
165	K	0.8966	0.5005
166	E	0.8493	0.5036
167	E	0.8853	0.5141
168	Q	0.9168	0.5497
169	E	0.8920	0.6229
170	E	0.9151	0.7040
171	E	0.8421	0.7753
172	Q	0.8375	0.8345
173	D	0.8375	0.8817
174	V	0.8375	0.9158
175	P	0.8198	0.9367
176	L	0.8530	0.9517
177	S	0.7951	0.9550
178	D	0.7331	0.9597
179	V	0.7672	0.9632
180	E	0.7629	0.9637
181	F	0.7595	0.9653
182	D	0.7163	0.9597
183	S	0.6375	0.9549
184	D	0.6269	0.9484
185	A	0.6269	0.9422
186	D	0.5901	0.9331
187	V	0.6712	0.9218
188	V	0.6755	0.9079
189	P	0.6322	0.8821
190	H	0.6806	0.8548
191	H	0.6576	0.8339
192	K	0.7331	0.7991
193	L	0.7250	0.7860
194	T	0.7163	0.7606
195	V	0.6322	0.7481
196	N	0.6620	0.7242
197	N	0.6136	0.7058
198	T	0.6136	0.6977
199	K	0.6851	0.6998
200	A	0.5665	0.7267
201	M	0.6043	0.7406
202	K	0.4864	0.7400
203	H	0.4864	0.7503
204	A	0.5211	0.7468
205	L	0.5296	0.7419
206	E	0.5854	0.7170
207	R	0.4766	0.6987
208	V	0.4725	0.6862
209	Q	0.4801	0.6642
210	L	0.5139	0.6434
211	P	0.5342	0.6027
212	W	0.5419	0.5665
213	K	0.5098	0.5384
214	K	0.5017	0.5107
215	H	0.5098	0.4927
216	S	0.5758	0.4761
217	F	0.5577	0.4668
218	Q	0.6089	0.4516
219	E	0.6661	0.4341
220	H	0.6620	0.4208
221	Q	0.7331	0.4030
222	S	0.7080	0.3953
223	V	0.7459	0.3918
224	T	0.7547	0.3868
225	S	0.7843	0.3826
226	E	0.7036	0.3787
227	T	0.6183	0.3796
228	N	0.7369	0.3818
229	T	0.7331	0.3848
230	D	0.7209	0.3893
231	E	0.7163	0.3931
232	H	0.6948	0.3995
233	I	0.6991	0.4013
234	K	0.6906	0.4033
235	D	0.6712	0.4090
236	I	0.5577	0.4154
237	Y	0.4801	0.4211
238	D	0.4685	0.4228
239	D	0.4619	0.4248
240	T	0.4619	0.4273
241	E	0.3910	0.4308
242	R	0.3910	0.4334
243	E	0.3631	0.4360
244	L	0.3740	0.4395
245	A	0.3286	0.4426
246	F	0.2680	0.4444
247	Y	0.3117	0.4448
248	K	0.3667	0.4433
249	Q	0.3631	0.4427
250	S	0.3599	0.4410
251	L	0.2988	0.4394
252	D	0.2849	0.4351
253	A	0.2849	0.4313
254	V	0.2193	0.4274
255	L	0.2680	0.4253
256	V	0.2258	0.4251
257	A	0.3426	0.4264
258	R	0.3117	0.4279
259	D	0.3149	0.4283
260	E	0.3019	0.4297
261	L	0.3321	0.4307
262	K	0.3249	0.4329
263	R	0.3215	0.4336
264	L	0.2680	0.4325
265	K	0.2292	0.4317
266	V	0.2715	0.4280
267	P	0.3215	0.4255
268	F	0.3215	0.4221
269	K	0.2752	0.4211
270	R	0.2680	0.4203
271	P	0.2645	0.4184
272	L	0.3215	0.4185
273	D	0.3286	0.4208
274	Y	0.3566	0.4225
275	F	0.3983	0.4249
276	A	0.4051	0.4284
277	E	0.4582	0.4326
278	M	0.3599	0.4353
279	V	0.4507	0.4372
280	K	0.4582	0.4388
281	S	0.4652	0.4398
282	D	0.3704	0.4412
283	E	0.3704	0.4433
284	H	0.3631	0.4473
285	M	0.4292	0.4479
286	D	0.5098	0.4461
287	K	0.5254	0.4466
288	I	0.5211	0.4458
289	K	0.5382	0.4416
290	G	0.6043	0.4391
291	K	0.5854	0.4385
292	L	0.5854	0.4380
293	I	0.5854	0.4288
294	E	0.5854	0.4108
295	E	0.5419	0.3950
296	A	0.5577	0.3865
297	S	0.5577	0.3790
298	D	0.5707	0.3689
299	K	0.6620	0.3605
300	K	0.6806	0.3537
301	A	0.5951	0.3527
302	R	0.5951	0.3465
303	E	0.6712	0.3388
304	E	0.6427	0.3507
305	A	0.6531	0.3773
306	R	0.6531	0.3965
307	R	0.6851	0.4100
308	Q	0.6227	0.4307
309	R	0.6427	0.4543
310	Q	0.6620	0.4763
311	L	0.6427	0.5058
312	K	0.6661	0.5189
313	K	0.5901	0.5469
314	F	0.6089	0.5746
315	G	0.6089	0.5765
316	K	0.6322	0.5695
317	Q	0.6531	0.5633
318	V	0.5707	0.5696
319	Q	0.5533	0.5599
320	N	0.5533	0.5510
321	A	0.5419	0.5419
322	T	0.6136	0.5130
323	L	0.6183	0.4946
324	Q	0.5419	0.4666
325	K	0.6482	0.4356
326	R	0.6482	0.4177
327	Q	0.5707	0.4109
328	L	0.5577	0.4086
329	E	0.6183	0.3898
330	K	0.5296	0.3980
331	R	0.5176	0.4061
332	E	0.5493	0.4151
333	T	0.5533	0.4412
334	L	0.6322	0.4670
335	E	0.6183	0.4825
336	K	0.6531	0.5175
337	I	0.6712	0.5514
338	K	0.6375	0.5601
339	S	0.6375	0.5756
340	L	0.6322	0.5939
341	K	0.6661	0.5941
342	N	0.6661	0.5941
343	K	0.6620	0.5858
344	R	0.5493	0.5855
345	K	0.6482	0.5842
346	H	0.5951	0.6002
347	N	0.5951	0.5900
348	E	0.6183	0.5882
349	I	0.6043	0.6055
350	D	0.5901	0.5988
351	H	0.6531	0.5933
352	S	0.5901	0.5872
353	E	0.5577	0.5711
354	F	0.5533	0.5712
355	N	0.5533	0.5384
356	V	0.5577	0.5055
357	G	0.4507	0.4720
358	V	0.4292	0.4472
359	E	0.4476	0.4059
360	E	0.5098	0.3708
361	E	0.5254	0.3629
362	V	0.5342	0.3668
363	E	0.5493	0.3638
364	G	0.5620	0.3759
365	K	0.6755	0.3806
366	R	0.6620	0.4076
367	F	0.7120	0.4397
368	D	0.6948	0.4518
369	R	0.7547	0.4729
370	G	0.7843	0.4989
371	R	0.7843	0.5253
372	P	0.7982	0.5411
373	N	0.7799	0.5574
374	G	0.7916	0.5868
375	K	0.8013	0.6134
376	R	0.8013	0.6371
377	A	0.7982	0.6556
378	A	0.8713	0.6765
379	K	0.8792	0.7010
380	N	0.8792	0.7220
381	A	0.8125	0.7633
382	K	0.8085	0.7900
383	Y	0.7799	0.8166
384	G	0.7672	0.8280
385	Q	0.7843	0.8369
386	G	0.7718	0.8377
387	G	0.7505	0.8430
388	M	0.7629	0.8503
389	K	0.7799	0.8432
390	R	0.7755	0.8409
391	F	0.7459	0.8392
392	K	0.7505	0.7972
393	R	0.6948	0.7626
394	K	0.7718	0.7204
395	N	0.7718	0.6840
396	D	0.6712	0.6752
397	A	0.6712	0.6876
398	T	0.6712	0.6842
399	S	0.6851	0.6928
400	S	0.6851	0.7203
401	A	0.6712	0.7589
402	D	0.7629	0.7873
403	V	0.7595	0.8419
404	S	0.7595	0.8731
405	G	0.7595	0.8969
406	F	0.7547	0.9173
407	S	0.7755	0.9192
408	S	0.8198	0.9172
409	R	0.8198	0.9156
410	K	0.8235	0.9089
411	M	0.8235	0.8985
412	K	0.8421	0.8753
413	G	0.8596	0.8514
414	K	0.8853	0.8238
415	T	0.8894	0.8016
416	N	0.8942	0.7920
417	R	0.8942	0.8034
418	P	0.8872	0.8188
419	G	0.8872	0.8367
420	K	0.8828	0.8615
421	S	0.8765	0.8863
422	R	0.8853	0.9140
423	R	0.8792	0.9385
424	A	0.8792	0.9505
425	R	0.8741	0.9597
426	R	0.8741	0.9684
427	F	0.8530	0.9754
428	*	0.8343	0.9775