# IUPred2A: context-dependent prediction of protein disorder as a function of redox state and protein binding
# Balint Meszaros, Gabor Erdos, Zsuzsanna Dosztanyi
# Nucleic Acids Research 2018, Submitted
# IUPred2 type: long
# POS	AMINO ACID	IUPRED SCORE	ANCHOR SCORE
1	M	0.4292	0.4386
2	G	0.2918	0.4392
3	S	0.3494	0.4403
4	G	0.4330	0.4405
5	D	0.4476	0.4444
6	L	0.3948	0.4482
7	N	0.3983	0.4531
8	L	0.4087	0.4584
9	L	0.4441	0.4617
10	K	0.4541	0.4600
11	S	0.4652	0.4613
12	W	0.4766	0.4646
13	N	0.4220	0.4655
14	P	0.3321	0.4655
15	K	0.3426	0.4643
16	L	0.3392	0.4631
17	M	0.4087	0.4580
18	K	0.4051	0.4504
19	N	0.4725	0.4417
20	R	0.4725	0.4367
21	K	0.4051	0.4355
22	K	0.4051	0.4346
23	V	0.5139	0.4339
24	W	0.5098	0.4308
25	E	0.4831	0.4229
26	T	0.4831	0.4164
27	E	0.4801	0.4122
28	Q	0.5139	0.4125
29	D	0.5176	0.4182
30	L	0.5017	0.4238
31	I	0.4476	0.4249
32	T	0.4507	0.4197
33	E	0.4652	0.4129
34	Q	0.4409	0.4090
35	Q	0.5493	0.4077
36	K	0.5342	0.4104
37	L	0.5456	0.4119
38	N	0.5382	0.4038
39	T	0.5342	0.3934
40	R	0.4619	0.3888
41	L	0.5419	0.3858
42	K	0.6375	0.3781
43	E	0.5620	0.3797
44	I	0.4901	0.3878
45	E	0.4979	0.3901
46	K	0.4901	0.3928
47	E	0.4940	0.3966
48	R	0.5620	0.4029
49	E	0.5419	0.4144
50	L	0.5493	0.4283
51	N	0.5493	0.4301
52	E	0.6712	0.4328
53	L	0.6806	0.4418
54	L	0.6661	0.4396
55	N	0.6906	0.4303
56	E	0.6755	0.4220
57	S	0.6991	0.4153
58	S	0.6948	0.4079
59	K	0.6183	0.4030
60	D	0.5901	0.4020
61	K	0.5951	0.4036
62	P	0.5758	0.4110
63	E	0.5665	0.4146
64	T	0.6427	0.4196
65	L	0.7209	0.4299
66	K	0.6322	0.4416
67	N	0.6322	0.4556
68	D	0.5211	0.4710
69	L	0.5098	0.4914
70	A	0.4409	0.5080
71	L	0.4476	0.5206
72	K	0.4541	0.5230
73	K	0.4051	0.5276
74	S	0.3983	0.5369
75	G	0.3460	0.5512
76	L	0.4017	0.5650
77	E	0.4087	0.5745
78	W	0.3983	0.5818
79	M	0.3948	0.5807
80	Y	0.4541	0.5696
81	Q	0.4725	0.5539
82	D	0.4541	0.5439
83	A	0.4051	0.5410
84	K	0.3529	0.5393
85	L	0.3566	0.5405
86	S	0.3494	0.5312
87	D	0.4017	0.5194
88	E	0.3948	0.5109
89	K	0.4292	0.5064
90	E	0.4441	0.5077
91	D	0.5176	0.5152
92	Y	0.5017	0.5262
93	L	0.4292	0.5338
94	L	0.3948	0.5353
95	G	0.4119	0.5267
96	K	0.4801	0.5152
97	K	0.5139	0.5115
98	K	0.4940	0.5105
99	L	0.4831	0.5121
100	D	0.5211	0.5063
101	S	0.5533	0.5025
102	S	0.5017	0.5005
103	I	0.5901	0.4996
104	L	0.6427	0.4990
105	N	0.6948	0.4956
106	Q	0.6851	0.4978
107	P	0.6851	0.4968
108	A	0.6043	0.4977
109	T	0.6089	0.4952
110	P	0.6620	0.4990
111	P	0.6576	0.5056
112	V	0.6620	0.5090
113	R	0.6482	0.5089
114	A	0.7120	0.5084
115	A	0.7755	0.5047
116	T	0.7547	0.5022
117	T	0.6620	0.5115
118	I	0.6183	0.5275
119	S	0.6375	0.5339
120	A	0.6576	0.5420
121	S	0.6089	0.5400
122	G	0.5577	0.5388
123	A	0.6136	0.5405
124	A	0.6089	0.5399
125	T	0.6227	0.5349
126	S	0.5758	0.5555
127	I	0.5176	0.5936
128	S	0.5176	0.6100
129	S	0.5992	0.6215
130	Q	0.6043	0.6389
131	K	0.6712	0.6566
132	K	0.6576	0.6904
133	K	0.6531	0.7239
134	S	0.6661	0.7533
135	K	0.5707	0.7962
136	L	0.5707	0.8352
137	L	0.5211	0.8534
138	K	0.5951	0.8508
139	D	0.5901	0.8540
140	D	0.6136	0.8592
141	P	0.6183	0.8660
142	M	0.6375	0.8740
143	S	0.6531	0.8703
144	K	0.6531	0.8639
145	F	0.6948	0.8568
146	K	0.7036	0.8247
147	V	0.7629	0.7872
148	T	0.8125	0.7378
149	K	0.8162	0.7066
150	Q	0.8085	0.6714
151	Q	0.8125	0.6372
152	R	0.7595	0.6034
153	R	0.7505	0.5755
154	T	0.7505	0.5501
155	P	0.7755	0.5391
156	D	0.8681	0.5317
157	S	0.8741	0.5536
158	T	0.9039	0.5777
159	K	0.9249	0.6274
160	K	0.8920	0.6895
161	R	0.8792	0.7485
162	A	0.8655	0.7926
163	M	0.8853	0.8243
164	S	0.8655	0.8388
165	Q	0.8920	0.8563
166	R	0.8713	0.8669
167	G	0.8162	0.8813
168	K	0.8235	0.8916
169	P	0.7505	0.9038
170	L	0.7415	0.9105
171	S	0.7369	0.9008
172	K	0.7209	0.8898
173	P	0.7369	0.8815
174	A	0.7547	0.8773
175	P	0.7505	0.8759
176	D	0.7163	0.8772
177	L	0.6806	0.8823
178	D	0.6620	0.8771
179	Y	0.6482	0.8727
180	*	0.5419	0.8560